<?xml version="1.0" encoding="UTF-8" standalone="no"?>
<!DOCTYPE svg PUBLIC "-//W3C//DTD SVG 20010904//EN"
              "http://www.w3.org/TR/2001/REC-SVG-20010904/DTD/svg10.dtd">

<svg xmlns="http://www.w3.org/2000/svg"
     width="5.33333in" height="5.33333in"
     viewBox="0 0 1600 1600">
  <path id="Neimenovano #1"
        fill="none" stroke="black" stroke-width="1"
        d="M 304.36,544.27
           C 304.36,544.27 293.09,556.36 293.09,556.36
             293.09,556.36 278.36,570.36 278.36,570.36
             278.36,570.36 267.45,582.91 267.45,582.91
             267.45,582.91 258.36,592.36 258.36,592.36
             258.36,592.36 249.09,603.64 249.09,603.64
             249.09,603.64 240.18,613.45 240.18,613.45
             240.18,613.45 230.55,625.45 230.55,625.45
             230.55,625.45 222.18,636.36 222.18,636.36
             222.18,636.36 215.27,645.45 215.27,645.45
             215.27,645.45 207.09,656.00 207.09,656.00
             207.09,656.00 198.55,667.64 198.55,667.64
             198.55,667.64 191.64,677.82 191.64,677.82
             191.64,677.82 183.45,690.00 183.45,690.00
             183.45,690.00 176.55,699.82 176.55,699.82
             176.55,699.82 170.00,710.00 170.00,710.00
             170.00,710.00 160.18,725.82 160.18,725.82
             160.18,725.82 152.18,739.45 152.18,739.45
             152.18,739.45 145.27,751.64 145.27,751.64
             145.27,751.64 138.00,765.09 138.00,765.09
             138.00,765.09 130.55,779.82 130.55,779.82
             130.55,779.82 125.45,791.09 125.45,791.09
             125.45,791.09 121.45,801.09 121.45,801.09
             121.45,801.09 118.18,808.36 118.18,808.36
             118.18,808.36 115.45,814.55 115.45,814.55
             115.45,814.55 113.45,820.91 113.45,820.91
             113.45,820.91 111.27,826.55 111.27,826.55
             111.27,826.55 109.09,832.73 109.09,832.73
             109.09,832.73 107.27,837.82 107.27,837.82
             107.27,837.82 105.45,844.18 105.45,844.18
             105.45,844.18 103.82,850.00 103.82,850.00
             103.82,850.00 102.55,855.09 102.55,855.09
             102.55,855.09 101.27,861.09 101.27,861.09
             101.27,861.09 100.00,867.09 100.00,867.09
             100.00,867.09 98.73,872.91 98.73,872.91
             98.73,872.91 97.82,879.82 97.82,879.82
             97.82,879.82 96.55,887.27 96.55,887.27
             96.55,887.27 96.00,893.09 96.00,893.09
             96.00,893.09 96.18,898.00 96.18,898.00
             96.18,898.00 96.00,903.27 96.00,903.27
             96.00,903.27 96.00,909.64 96.00,909.64
             96.00,909.64 96.00,916.36 96.00,916.36
             96.00,916.36 96.18,925.09 96.18,925.09
             96.18,925.09 97.45,932.91 97.45,932.91
             97.45,932.91 98.36,942.18 98.36,942.18
             98.36,942.18 100.36,949.82 100.36,949.82
             100.36,949.82 103.45,958.73 103.45,958.73
             103.45,958.73 106.00,967.09 106.00,967.09
             106.00,967.09 109.27,975.82 109.27,975.82
             109.27,975.82 112.36,982.18 112.36,982.18
             112.36,982.18 115.82,988.73 115.82,988.73
             115.82,988.73 119.82,995.45 119.82,995.45
             119.82,995.45 125.09,1002.36 125.09,1002.36
             125.09,1002.36 129.27,1007.64 129.27,1007.64
             129.27,1007.64 134.73,1013.27 134.73,1013.27
             134.73,1013.27 140.55,1018.91 140.55,1018.91
             140.55,1018.91 146.73,1024.18 146.73,1024.18
             146.73,1024.18 152.73,1028.91 152.73,1028.91
             152.73,1028.91 160.00,1034.00 160.00,1034.00
             160.00,1034.00 167.82,1038.73 167.82,1038.73
             167.82,1038.73 176.36,1043.09 176.36,1043.09
             176.36,1043.09 185.09,1047.09 185.09,1047.09
             185.09,1047.09 193.64,1050.55 193.64,1050.55
             193.64,1050.55 201.45,1053.09 201.45,1053.09
             201.45,1053.09 210.18,1055.45 210.18,1055.45
             210.18,1055.45 219.45,1057.64 219.45,1057.64
             219.45,1057.64 226.18,1058.91 226.18,1058.91
             226.18,1058.91 233.64,1060.36 233.64,1060.36
             233.64,1060.36 240.91,1060.91 240.91,1060.91
             240.91,1060.91 250.00,1062.00 250.00,1062.00
             250.00,1062.00 259.45,1062.36 259.45,1062.36
             259.45,1062.36 268.73,1062.55 268.73,1062.55
             268.73,1062.55 276.00,1062.55 276.00,1062.55
             276.00,1062.55 283.27,1062.73 283.27,1062.73
             283.27,1062.73 290.73,1062.36 290.73,1062.36
             290.73,1062.36 298.18,1061.64 298.18,1061.64
             298.18,1061.64 304.00,1060.91 304.00,1060.91
             304.00,1060.91 311.45,1060.00 311.45,1060.00
             311.45,1060.00 319.64,1059.09 319.64,1059.09
             319.64,1059.09 328.18,1058.00 328.18,1058.00
             328.18,1058.00 334.91,1056.91 334.91,1056.91
             334.91,1056.91 340.73,1056.18 340.73,1056.18
             340.73,1056.18 346.73,1055.09 346.73,1055.09
             346.73,1055.09 354.00,1053.82 354.00,1053.82
             354.00,1053.82 360.36,1052.00 360.36,1052.00
             360.36,1052.00 367.45,1050.73 367.45,1050.73
             367.45,1050.73 374.55,1048.55 374.55,1048.55
             374.55,1048.55 384.36,1046.18 384.36,1046.18
             384.36,1046.18 393.82,1043.64 393.82,1043.64
             393.82,1043.64 401.82,1041.09 401.82,1041.09
             401.82,1041.09 409.82,1038.36 409.82,1038.36
             409.82,1038.36 418.73,1035.64 418.73,1035.64
             418.73,1035.64 428.36,1032.36 428.36,1032.36
             428.36,1032.36 438.55,1029.27 438.55,1029.27
             438.55,1029.27 448.36,1025.82 448.36,1025.82
             448.36,1025.82 458.18,1022.55 458.18,1022.55
             458.18,1022.55 466.00,1019.45 466.00,1019.45
             466.00,1019.45 474.73,1015.45 474.73,1015.45
             474.73,1015.45 482.73,1012.00 482.73,1012.00
             482.73,1012.00 491.64,1008.18 491.64,1008.18
             491.64,1008.18 502.36,1004.00 502.36,1004.00
             502.36,1004.00 512.73,998.91 512.73,998.91
             512.73,998.91 522.91,995.09 522.91,995.09
             522.91,995.09 530.73,990.91 530.73,990.91
             530.73,990.91 539.09,987.27 539.09,987.27
             539.09,987.27 547.09,983.27 547.09,983.27
             547.09,983.27 554.91,980.18 554.91,980.18
             554.91,980.18 562.55,976.91 562.55,976.91
             562.55,976.91 568.18,974.36 568.18,974.36
             568.18,974.36 575.27,971.27 575.27,971.27
             575.27,971.27 581.64,968.55 581.64,968.55
             581.64,968.55 588.91,964.91 588.91,964.91
             588.91,964.91 594.00,962.55 594.00,962.55
             594.00,962.55 600.91,959.45 600.91,959.45
             600.91,959.45 608.36,956.36 608.36,956.36
             608.36,956.36 614.55,953.64 614.55,953.64
             614.55,953.64 618.55,951.45 618.55,951.45
             618.55,951.45 622.00,949.45 622.00,949.45
             622.00,949.45 626.36,947.82 626.36,947.82
             626.36,947.82 633.09,944.91 633.09,944.91
             633.09,944.91 640.18,942.00 640.18,942.00
             640.18,942.00 649.27,937.45 649.27,937.45
             649.27,937.45 658.73,933.64 658.73,933.64
             658.73,933.64 665.82,930.00 665.82,930.00
             665.82,930.00 674.00,926.73 674.00,926.73
             674.00,926.73 680.18,924.36 680.18,924.36
             680.18,924.36 685.82,921.45 685.82,921.45
             685.82,921.45 694.91,918.36 694.91,918.36
             694.91,918.36 707.64,912.91 707.64,912.91
             707.64,912.91 717.09,908.73 717.09,908.73
             717.09,908.73 726.55,904.73 726.55,904.73
             726.55,904.73 732.91,901.82 732.91,901.82
             732.91,901.82 740.73,898.91 740.73,898.91
             740.73,898.91 748.73,894.36 748.73,894.36
             748.73,894.36 761.09,889.64 761.09,889.64
             761.09,889.64 769.64,885.27 769.64,885.27
             769.64,885.27 781.64,880.00 781.64,880.00
             781.64,880.00 792.36,875.27 792.36,875.27
             792.36,875.27 804.73,869.82 804.73,869.82
             804.73,869.82 818.00,864.36 818.00,864.36
             818.00,864.36 830.73,858.55 830.73,858.55
             830.73,858.55 840.73,854.00 840.73,854.00
             840.73,854.00 849.45,850.36 849.45,850.36
             849.45,850.36 860.18,845.82 860.18,845.82
             860.18,845.82 870.00,841.27 870.00,841.27
             870.00,841.27 881.64,836.18 881.64,836.18
             881.64,836.18 892.91,830.91 892.91,830.91
             892.91,830.91 905.45,825.45 905.45,825.45
             905.45,825.45 915.82,820.73 915.82,820.73
             915.82,820.73 927.45,815.27 927.45,815.27
             927.45,815.27 940.91,808.91 940.91,808.91
             940.91,808.91 956.73,802.36 956.73,802.36
             956.73,802.36 971.64,795.45 971.64,795.45
             971.64,795.45 986.73,788.91 986.73,788.91
             986.73,788.91 1004.55,780.91 1004.55,780.91
             1004.55,780.91 1020.73,773.64 1020.73,773.64
             1020.73,773.64 1035.27,767.45 1035.27,767.45
             1035.27,767.45 1047.45,762.18 1047.45,762.18
             1047.45,762.18 1059.82,756.91 1059.82,756.91
             1059.82,756.91 1074.36,750.00 1074.36,750.00
             1074.36,750.00 1088.91,744.00 1088.91,744.00
             1088.91,744.00 1102.73,737.82 1102.73,737.82
             1102.73,737.82 1117.09,731.45 1117.09,731.45
             1117.09,731.45 1132.00,725.27 1132.00,725.27
             1132.00,725.27 1146.18,718.18 1146.18,718.18
             1146.18,718.18 1165.27,709.45 1165.27,709.45
             1165.27,709.45 1176.55,704.36 1176.55,704.36
             1176.55,704.36 1188.73,699.45 1188.73,699.45
             1188.73,699.45 1200.00,694.36 1200.00,694.36
             1200.00,694.36 1211.09,688.91 1211.09,688.91
             1211.09,688.91 1223.82,683.64 1223.82,683.64
             1223.82,683.64 1236.00,678.91 1236.00,678.91
             1236.00,678.91 1250.55,671.82 1250.55,671.82
             1250.55,671.82 1268.18,664.18 1268.18,664.18
             1268.18,664.18 1283.64,656.73 1283.64,656.73
             1283.64,656.73 1298.55,650.36 1298.55,650.36
             1298.55,650.36 1312.73,644.36 1312.73,644.36
             1312.73,644.36 1325.45,638.55 1325.45,638.55
             1325.45,638.55 1335.64,634.00 1335.82,634.00
             1336.00,634.00 1346.73,629.09 1346.73,629.09
             1346.73,629.09 1359.09,623.09 1359.09,623.09
             1359.09,623.09 1368.55,619.45 1368.55,619.45
             1368.55,619.45 1378.91,614.91 1378.91,614.91
             1378.91,614.91 1390.73,609.09 1390.91,609.09
             1391.09,609.09 1404.36,603.45 1404.36,603.45
             1404.36,603.45 1416.36,598.73 1416.36,598.73
             1416.36,598.73 1433.09,590.73 1433.09,590.73
             1433.09,590.73 1445.45,584.73 1445.45,584.73
             1445.45,584.73 1457.27,579.82 1457.45,579.82
             1457.64,579.82 1471.09,574.00 1471.09,574.00
             1471.09,574.00 1485.82,567.64 1485.82,567.64
             1485.82,567.64 1499.64,561.64 1499.64,561.64
             1499.64,561.64 1512.36,556.18 1512.36,556.18
             1512.36,556.18 1523.64,551.64 1523.64,551.64
             1523.64,551.64 1531.27,547.09 1531.27,547.09
             1531.27,547.09 1513.64,551.64 1513.64,551.64
             1513.64,551.64 1499.45,555.45 1499.45,555.45
             1499.45,555.45 1485.82,558.91 1485.82,558.91
             1485.82,558.91 1474.73,562.00 1474.73,562.00
             1474.73,562.00 1460.73,566.00 1460.73,566.00
             1460.73,566.00 1448.18,569.27 1448.18,569.27
             1448.18,569.27 1434.00,573.45 1434.00,573.45
             1434.00,573.45 1420.00,576.73 1420.00,576.73
             1420.00,576.73 1405.64,580.73 1405.64,580.73
             1405.64,580.73 1389.09,585.45 1389.09,585.45
             1389.09,585.45 1372.36,590.00 1372.36,590.00
             1372.36,590.00 1353.45,594.73 1353.45,594.73
             1353.45,594.73 1338.36,599.27 1338.36,599.27
             1338.36,599.27 1324.73,602.55 1324.73,602.55
             1324.73,602.55 1305.09,608.73 1305.09,608.73
             1305.09,608.73 1294.36,611.27 1294.36,611.27
             1294.36,611.27 1280.00,614.91 1280.00,614.91
             1280.00,614.91 1270.73,617.45 1270.73,617.45
             1270.73,617.45 1258.36,620.91 1258.36,620.91
             1258.36,620.91 1247.09,624.00 1247.09,624.00
             1247.09,624.00 1233.45,627.45 1233.45,627.45
             1233.45,627.45 1221.82,630.36 1221.82,630.36
             1221.82,630.36 1203.27,635.45 1203.27,635.45
             1203.27,635.45 1188.91,639.45 1188.91,639.45
             1188.91,639.45 1169.64,645.27 1169.64,645.27
             1169.64,645.27 1146.00,651.64 1146.00,651.64
             1146.00,651.64 1123.27,657.64 1123.27,657.64
             1123.27,657.64 1100.73,664.00 1100.73,664.00
             1100.73,664.00 1078.73,669.82 1078.73,669.82
             1078.73,669.82 1052.73,676.73 1052.73,676.73
             1052.73,676.73 1024.36,685.09 1024.36,685.09
             1024.36,685.09 996.18,692.55 996.18,692.55
             996.18,692.55 973.45,699.09 973.45,699.09
             973.45,699.09 951.27,705.45 951.27,705.45
             951.27,705.45 921.82,712.73 921.82,712.73
             921.82,712.73 898.00,720.18 898.00,720.18
             898.00,720.18 869.82,728.00 869.82,728.00
             869.82,728.00 846.91,734.36 846.91,734.36
             846.91,734.36 818.73,741.45 818.73,741.45
             818.73,741.45 794.73,748.18 794.73,748.18
             794.73,748.18 770.18,755.27 770.18,755.27
             770.18,755.27 747.82,761.27 747.82,761.27
             747.82,761.27 731.45,765.45 731.45,765.45
             731.45,765.45 712.55,770.73 712.55,770.73
             712.55,770.73 692.91,776.00 692.91,776.00
             692.91,776.00 669.09,782.55 669.09,782.55
             669.09,782.55 646.36,788.73 646.36,788.73
             646.36,788.73 623.09,795.27 623.09,795.27
             623.09,795.27 599.27,801.82 599.27,801.82
             599.27,801.82 576.73,807.82 576.73,807.82
             576.73,807.82 557.45,812.91 557.45,812.91
             557.45,812.91 535.64,819.27 535.64,819.27
             535.64,819.27 514.18,824.55 514.18,824.55
             514.18,824.55 492.73,830.91 492.73,830.91
             492.73,830.91 472.55,835.64 472.55,835.64
             472.55,835.64 447.82,839.27 447.82,839.27
             447.82,839.27 434.73,841.64 434.73,841.64
             434.73,841.64 422.91,842.73 422.91,842.73
             422.91,842.73 410.73,843.45 410.73,843.45
             410.73,843.45 400.55,843.09 400.55,843.09
             400.55,843.09 390.55,842.91 390.55,842.91
             390.55,842.91 380.00,841.64 380.00,841.64
             380.00,841.64 366.36,840.73 366.36,840.73
             366.36,840.73 356.36,838.18 356.36,838.18
             356.36,838.18 345.45,835.27 345.45,835.27
             345.45,835.27 332.91,831.64 332.91,831.64
             332.91,831.64 321.27,826.18 321.27,826.18
             321.27,826.18 308.36,818.91 308.36,818.91
             308.36,818.91 299.45,812.55 299.45,812.55
             299.45,812.55 289.82,804.36 289.82,804.36
             289.82,804.36 281.64,795.64 281.64,795.64
             281.64,795.64 274.00,785.64 274.00,785.64
             274.00,785.64 268.00,776.18 268.00,776.18
             268.00,776.18 264.18,767.82 264.18,767.82
             264.18,767.82 259.45,757.09 259.45,757.09
             259.45,757.09 256.55,745.45 256.55,745.45
             256.55,745.45 255.09,735.09 255.09,735.09
             255.09,735.09 254.36,725.45 254.36,725.45
             254.36,725.45 253.82,716.73 253.82,716.73
             253.82,716.73 254.00,709.82 254.00,709.82
             254.00,709.82 254.55,698.36 254.55,698.36
             254.55,698.36 255.91,686.73 255.91,686.73
             255.91,686.73 258.09,673.45 258.09,673.45
             258.09,673.45 260.36,662.91 260.36,662.91
             260.36,662.91 262.73,654.09 262.73,654.09
             262.73,654.09 264.82,646.36 264.82,646.36
             264.82,646.36 266.73,639.64 266.73,639.64
             266.73,639.64 268.18,635.09 268.18,635.09
             268.18,635.09 269.36,630.91 269.36,630.91
             269.36,630.91 270.36,627.00 270.36,627.00
             270.36,627.00 272.00,622.55 272.00,622.55
             272.00,622.55 273.55,618.27 273.55,618.27
             273.55,618.27 275.36,613.91 275.36,613.91
             275.36,613.91 276.64,610.00 276.64,610.00
             276.64,610.00 278.91,605.64 278.91,605.64
             278.91,605.64 280.55,600.64 280.55,600.64
             280.55,600.64 282.91,595.91 282.91,595.91
             282.91,595.91 285.00,589.91 285.00,589.91
             285.00,589.91 287.27,585.64 287.27,585.64
             287.27,585.64 289.00,581.64 289.00,581.64
             289.00,581.64 290.64,577.45 290.64,577.45
             290.64,577.45 292.18,574.64 292.18,574.64
             292.18,574.64 293.82,571.55 293.82,571.55
             293.82,571.55 296.18,567.09 296.18,567.09
             296.18,567.09 297.73,563.55 297.73,563.55
             297.73,563.55 299.00,560.82 299.00,560.82
             299.00,560.82 300.45,557.82 300.45,557.82
             300.45,557.82 301.82,555.18 301.82,555.18
             301.82,555.18 303.09,552.45 303.09,552.45
             303.09,552.45 304.82,549.45 304.82,549.45
             304.82,549.45 306.56,546.17 306.56,546.17
             306.56,546.17 309.00,540.73 309.00,540.73
             307.96,541.27 304.50,544.14 304.50,544.14M 283.38,595.88" />
</svg>
